{
    "General Data": {
        "cb": 4.68227892591594e-310,
        "csd": 4.6822790436996e-310,
        "deam": 4.68227904372886e-310,
        "depths": 4.6822789267918e-310,
        "freeboard": 4.6822790440269e-310,
        "gm": 4.68227892455706e-310,
        "gsh": [
        ],
        "gsl": [
        ],
        "height": 4.6822789273175e-310,
        "length": 4.68227892677285e-310,
        "project name": "asdf",
        "sef_apa": 4.6822788999929e-310,
        "sef_apra": 4.68227892231756e-310,
        "sef_coef": [
        ],
        "sef_ma": 4.6822789198678e-310,
        "sef_mea": 4.68227892579104e-310,
        "sef_mo": 4.68227905058332e-310,
        "sef_mro": 4.68227891914526e-310,
        "visibility_zone": 4.6822787802148e-310,
        "wha": 15,
        "wind_pressure": 1200
    }
}
